book_id,chap_id,0,1,2,3,4,5,6,7,8,9,10,11,12,13,14,15,16,17,18,19,20,21,22,23,24,25,26,27,28,29
105,1,5.2576235541607024e-05,5.257623554162318e-05,5.2576235541637965e-05,5.2576235541652466e-05,5.2576235541612696e-05,5.257623554163756e-05,5.2576235541644084e-05,5.25762355416182e-05,5.257623554154596e-05,5.257623554161799e-05,5.257623554160386e-05,5.25762355416235e-05,0.11813234521681741,0.7431244718023499,5.257623554161768e-05,5.257623554166467e-05,5.2576235541599245e-05,5.257623554162791e-05,5.257623554160558e-05,5.2576235541600045e-05,5.2576235541640574e-05,0.042765557261733284,0.03045588980300614,5.2576235541617324e-05,5.257623554161856e-05,5.2576235541626344e-05,5.2576235541621736e-05,0.06420733002755236,5.25762355416198e-05,5.257623554161667e-05
105,2,6.64010624170928e-05,6.640106241710068e-05,6.640106241713125e-05,6.640106241713943e-05,6.640106241708824e-05,0.02912566302808094,6.640106241708767e-05,0.03950831864508273,6.640106241702854e-05,6.64010624170911e-05,6.640106241711686e-05,0.10165241821624399,6.640106241711026e-05,0.695253633878846,6.64010624171201e-05,6.640106241713335e-05,6.640106241706546e-05,6.640106241712039e-05,6.640106241710031e-05,6.640106241710378e-05,6.64010624171213e-05,6.640106241711644e-05,0.07738254831104478,6.640106241713494e-05,6.64010624171265e-05,6.64010624171137e-05,6.640106241711102e-05,0.055483792422691254,6.640106241711549e-05,6.640106241711647e-05
105,3,4.3177892918894474e-05,4.317789291889115e-05,4.3177892918903554e-05,4.3177892918906915e-05,4.3177892918903744e-05,4.317789291891126e-05,0.026422167248317113,4.3177892918907986e-05,4.3177892918839186e-05,4.3177892918896486e-05,4.317789291889578e-05,0.14501606950237558,4.317789291890775e-05,0.2333251878064954,4.317789291888571e-05,4.317789291889693e-05,4.317789291887563e-05,0.12859793921160392,0.019892287904112516,4.3177892918869334e-05,4.317789291889262e-05,0.07096832882122209,0.11439215422091317,4.3177892918908575e-05,4.317789291889506e-05,0.07715354985953661,4.317789291889854e-05,0.1833255796741267,4.3177892918909226e-05,4.317789291890637e-05
105,4,7.558578987161453e-05,7.558578987165443e-05,0.03525358980356603,7.558578987165593e-05,7.55857898717176e-05,0.08425078610811819,7.558578987161088e-05,7.558578987165635e-05,7.55857898715204e-05,7.55857898717958e-05,7.558578987159581e-05,0.09227188505570882,7.558578987163011e-05,0.7169483031722736,0.03150482150607983,7.558578987165578e-05,7.55857898715972e-05,7.558578987164146e-05,7.558578987174725e-05,7.558578987159343e-05,0.03795655539733429,7.558578987162701e-05,7.558578987161305e-05,7.558578987163277e-05,7.558578987160796e-05,7.55857898716933e-05,7.558578987164253e-05,7.558578987164479e-05,7.558578987163373e-05,7.558578987160451e-05
105,5,3.7160906726171214e-05,3.716090672618974e-05,3.716090672619626e-05,3.7160906726195344e-05,3.716090672618762e-05,0.065225673531614,3.7160906726185884e-05,3.716090672619303e-05,3.716090672613246e-05,3.7160906726171356e-05,3.7160906726185234e-05,0.20888749871077633,0.021694322599889803,0.17068052528064348,3.7160906726184055e-05,3.7160906726207e-05,3.7160906726167094e-05,0.3402301548052751,3.716090672618608e-05,3.7160906726163855e-05,3.7160906726201266e-05,3.716090672619491e-05,0.003871455003338513,3.716090672617707e-05,3.716090672618708e-05,0.03979066148826378,3.716090672618169e-05,0.14880216863222281,3.7160906726188595e-05,3.716090672619138e-05
105,6,3.220611916268045e-05,3.220611916269446e-05,3.220611916269995e-05,0.02029217457845294,3.220611916269597e-05,3.220611916270031e-05,3.220611916269792e-05,0.03450147036876695,3.220611916265039e-05,3.2206119162698395e-05,3.220611916268051e-05,0.23415989671388768,3.22061191627041e-05,0.26989630975914564,0.04120398332061928,3.220611916269195e-05,3.220611916267758e-05,0.22366325573932763,3.2206119162708966e-05,3.2206119162690555e-05,3.220611916269319e-05,0.08069581649370865,3.2206119162679686e-05,3.220611916269441e-05,3.220611916269376e-05,0.035175686296916836,3.220611916270137e-05,0.05973507822675805,3.220611916269655e-05,3.2206119162701594e-05
105,7,3.373819163297444e-05,3.3738191632982155e-05,0.019020927658421557,3.373819163298456e-05,3.3738191632980495e-05,3.373819163298701e-05,3.373819163298795e-05,3.373819163298974e-05,3.3738191632938015e-05,3.37381916329818e-05,3.373819163298035e-05,0.42826533137616074,3.373819163298439e-05,3.3738191632991974e-05,0.2591124512641107,3.3738191632987874e-05,3.373819163296271e-05,0.2362425377766241,3.373819163298336e-05,3.373819163297153e-05,0.01777059658460805,3.373819163299127e-05,3.3738191632972655e-05,3.373819163297843e-05,3.37381916329808e-05,0.02264355200029082,3.3738191632985665e-05,3.3738191632994197e-05,3.373819163298542e-05,0.016168624932225397
105,8,3.4542314335093635e-05,3.454231433512363e-05,3.4542314335124284e-05,0.0254082952905778,3.454231433512012e-05,0.01949252025454247,3.4542314335124616e-05,0.012220551015981615,3.454231433507169e-05,3.4542314335122813e-05,3.454231433510215e-05,0.36427449544616375,0.05522512741584186,0.01670181308782699,0.06921303985689055,3.454231433512323e-05,3.45423143351052e-05,0.2759858757332698,0.11351355535925045,3.454231433509797e-05,3.454231433512104e-05,3.454231433511934e-05,3.4542314335123335e-05,3.4542314335113435e-05,3.454231433512127e-05,3.4542314335126425e-05,3.4542314335125124e-05,0.047273880252952254,3.454231433511917e-05,3.454231433511403e-05
105,9,4.4682752457613874e-05,4.4682752457632915e-05,4.4682752457639915e-05,4.468275245765643e-05,4.468275245763958e-05,0.08315000308137058,4.468275245763884e-05,0.009565312102842944,4.46827524575666e-05,4.468275245761629e-05,4.468275245760998e-05,0.25714954507223187,4.468275245764635e-05,0.09686757705011083,0.2906328213653693,4.4682752457625434e-05,4.468275245761496e-05,0.23042872398469133,4.4682752457631085e-05,4.468275245760067e-05,4.4682752457620216e-05,4.468275245764184e-05,4.468275245763646e-05,4.4682752457662785e-05,4.46827524576358e-05,4.468275245764548e-05,4.468275245764291e-05,0.031178314036857512,4.46827524576549e-05,4.468275245764103e-05
105,10,3.239390994497015e-05,3.23939099449807e-05,0.009553726657085405,3.239390994498966e-05,3.239390994498465e-05,3.2393909944992795e-05,3.239390994499648e-05,3.2393909944990105e-05,3.239390994493923e-05,3.239390994497975e-05,3.2393909944982265e-05,0.32300837055084497,3.239390994499005e-05,0.03293827244617738,0.07340459354868575,3.239390994499343e-05,3.239390994497856e-05,0.42643737396935605,3.2393909945004084e-05,3.2393909944982895e-05,0.022688874432215466,3.239390994499694e-05,3.239390994498501e-05,3.239390994499517e-05,3.2393909944977765e-05,3.239390994499235e-05,3.2393909944996813e-05,3.239390994499312e-05,0.11122372846690032,3.239390994498318e-05
105,11,4.273504273510272e-05,4.273504273511374e-05,0.01620362866809008,4.2735042735130494e-05,4.2735042735104474e-05,0.04712512743388362,4.273504273509945e-05,4.273504273511502e-05,4.273504273505393e-05,4.2735042735103464e-05,4.273504273510374e-05,4.273504273512085e-05,0.0701074525003747,0.3530419069988347,0.2797504602103264,4.2735042735113696e-05,4.2735042735095475e-05,0.16782476613140818,4.2735042735116014e-05,0.0012801429107828788,4.2735042735107353e-05,4.273504273511988e-05,4.273504273509508e-05,4.2735042735105734e-05,4.2735042735102475e-05,4.2735042735119456e-05,0.06372634420612715,4.273504273511637e-05,4.2735042735126225e-05,4.2735042735117165e-05
105,12,2.2163120567407462e-05,2.2163120567412144e-05,0.10241258556858923,2.2163120567419412e-05,2.216312056741483e-05,2.2163120567416156e-05,0.004228845814296694,2.2163120567417152e-05,2.216312056738285e-05,2.216312056741423e-05,2.216312056740129e-05,0.22719187928566034,2.216312056741453e-05,0.0060752414334847,0.18069012896054054,2.2163120567417982e-05,2.216312056740167e-05,0.38292216709955396,2.216312056741288e-05,2.216312056740673e-05,2.2163120567412487e-05,2.2163120567413517e-05,0.027776711116356004,0.011171961258824414,2.216312056741197e-05,2.2163120567416884e-05,0.0398187369746794,2.2163120567416685e-05,2.2163120567418873e-05,0.017268480076666735
105,13,4.553734061936721e-05,4.553734061937229e-05,0.05245388478617424,4.5537340619378604e-05,4.5537340619380454e-05,4.553734061939408e-05,4.5537340619427725e-05,4.553734061939695e-05,4.553734061932107e-05,4.5537340619366007e-05,4.553734061937323e-05,0.11676680372153317,4.553734061940154e-05,0.3041831876627281,0.10982818815412793,4.5537340619403717e-05,4.553734061937685e-05,0.34218331153327414,4.553734061937513e-05,4.5537340619410066e-05,4.5537340619397835e-05,4.553734061939716e-05,4.553734061938825e-05,4.55373406193834e-05,4.553734061938703e-05,0.07349172796729694,4.553734061939656e-05,4.5537340619387284e-05,4.553734061939435e-05,4.553734061938839e-05
105,14,5.0968399592323644e-05,5.0968399592332846e-05,5.096839959235354e-05,5.096839959235438e-05,5.096839959235403e-05,5.096839959234892e-05,0.018986703090941075,5.096839959235471e-05,5.096839959226457e-05,5.0968399592325494e-05,5.096839959231592e-05,0.22099378718825757,5.09683995923538e-05,0.15853352208719082,0.1148116453625417,5.096839959234958e-05,5.096839959230813e-05,0.4685439379779072,5.096839959233283e-05,5.0968399592388174e-05,5.096839959235909e-05,5.096839959234237e-05,5.0968399592335096e-05,0.0060981759114077105,5.096839959234144e-05,5.096839959234964e-05,5.096839959233803e-05,5.096839959235425e-05,0.010859955191129754,5.096839959233759e-05
105,15,4.504504504510855e-05,4.504504504511439e-05,0.010007068413789318,4.504504504511852e-05,4.504504504510577e-05,0.05977629652193836,4.504504504510123e-05,4.504504504512167e-05,4.504504504505385e-05,4.504504504510122e-05,4.504504504510416e-05,4.504504504512846e-05,0.026488479065455955,0.36043054508893263,4.504504504511742e-05,4.5045045045100794e-05,4.504504504508559e-05,0.3550099307514883,4.504504504510618e-05,4.504504504508476e-05,4.504504504510812e-05,4.5045045045116244e-05,0.04339554774783826,4.5045045045100354e-05,4.504504504510308e-05,4.504504504511725e-05,4.5045045045110233e-05,0.14385609637451943,4.5045045045125954e-05,4.5045045045112714e-05
105,16,5.081300813014462e-05,5.0813008130182254e-05,0.011448005699724123,5.0813008130178865e-05,5.081300813016136e-05,5.081300813016975e-05,5.0813008130163104e-05,5.081300813017328e-05,5.0813008130090876e-05,5.0813008130161024e-05,5.0813008130171107e-05,0.16855428025933322,5.0813008130169867e-05,0.45422160403427114,5.081300813014909e-05,5.0813008130170266e-05,5.081300813013427e-05,0.10958405758586588,5.081300813015499e-05,0.006698765887879681,5.08130081301772e-05,5.081300813017195e-05,5.081300813018635e-05,5.0813008130185764e-05,5.081300813014359e-05,5.081300813017898e-05,5.0813008130173336e-05,0.248273774337802,5.081300813017485e-05,5.081300813015949e-05
105,17,3.4904013961647305e-05,3.490401396165751e-05,0.020644389621130462,3.4904013961664524e-05,3.490401396166014e-05,0.048706935850024995,3.490401396166519e-05,3.4904013961671774e-05,3.490401396161453e-05,3.49040139616543e-05,3.4904013961656047e-05,0.17157230582287383,0.020270293514152354,0.4180229591661652,3.490401396166604e-05,0.018157469643148273,3.490401396164587e-05,0.17687749902391037,3.490401396165997e-05,3.490401396165283e-05,3.490401396165714e-05,3.490401396166922e-05,0.008526467603672972,3.490401396165377e-05,3.490401396165584e-05,3.490401396166416e-05,3.490401396165995e-05,0.1164886954617265,3.4904013961661196e-05,3.490401396167945e-05
105,18,2.9010733971610884e-05,2.9010733971612266e-05,2.9010733971618646e-05,2.901073397161959e-05,2.9010733971620588e-05,2.9010733971624413e-05,0.003518436540913159,0.06802545989518262,2.901073397157767e-05,0.005661741841013525,2.901073397160745e-05,0.44177668672371667,0.018181100130847144,2.9010733971622075e-05,0.11528880480575679,2.9010733971621133e-05,2.9010733971600465e-05,0.23288791788574376,2.9010733971623417e-05,0.020601282786136692,2.9010733971625233e-05,2.9010733971620147e-05,0.022471496510001285,2.901073397160995e-05,2.9010733971612395e-05,2.9010733971625148e-05,2.9010733971613818e-05,0.07100685820125646,2.901073397161923e-05,2.9010733971620276e-05
105,19,5.241090146757799e-05,5.2410901467596515e-05,5.241090146760916e-05,5.241090146759686e-05,5.241090146757957e-05,5.2410901467593994e-05,5.2410901467600614e-05,5.241090146761181e-05,5.241090146751786e-05,5.241090146758672e-05,5.241090146759349e-05,0.020725411068567158,5.2410901467584785e-05,5.2410901467602065e-05,0.12189873975434636,5.2410901467607214e-05,5.241090146756126e-05,0.8559607548374615,5.241090146758561e-05,5.241090146756894e-05,5.2410901467579615e-05,5.241090146760541e-05,5.241090146758404e-05,5.241090146759339e-05,5.2410901467591e-05,5.241090146759159e-05,5.2410901467589454e-05,5.2410901467604314e-05,5.2410901467595505e-05,5.241090146759563e-05
105,20,3.599712023042543e-05,3.599712023043565e-05,0.15994627368054848,3.599712023045147e-05,3.5997120230438704e-05,3.5997120230443685e-05,3.599712023043813e-05,3.59971202304433e-05,3.599712023038981e-05,3.59971202304395e-05,3.599712023043058e-05,0.19969384216670766,3.5997120230443705e-05,0.14131107471667817,0.052511941320859075,3.599712023044109e-05,3.599712023041899e-05,0.39123898058394274,3.599712023043569e-05,3.599712023042408e-05,3.599712023045842e-05,3.5997120230444755e-05,0.006334804401491708,3.599712023043792e-05,3.599712023043583e-05,3.599712023043474e-05,3.59971202304393e-05,3.8630350784167956e-05,0.048132516133918266,3.599712023043548e-05
105,21,1.776830135041668e-05,1.7768301350421007e-05,1.7768301350425672e-05,1.7768301350417734e-05,1.7768301350418337e-05,1.7768301350423517e-05,1.7768301350422436e-05,0.0015504728599612008,1.7768301350396195e-05,1.7768301350419584e-05,1.776830135041727e-05,0.5404567867409164,1.7768301350423375e-05,0.20689452020811266,0.007136070863837724,1.776830135042865e-05,1.776830135041037e-05,0.04124764977708794,1.7768301350420214e-05,1.7768301350429087e-05,1.7768301350419614e-05,0.029162741427106106,1.7768301350429436e-05,1.776830135042456e-05,1.7768301350420644e-05,1.7768301350424388e-05,1.7768301350425238e-05,0.1731430871919184,1.7768301350425848e-05,1.77683013504242e-05
105,22,2.061430632862246e-05,2.0614306328626317e-05,2.0614306328630698e-05,0.02800347241060885,2.0614306328627343e-05,2.0614306328629932e-05,2.0614306328629004e-05,0.0008540712132740219,2.0614306328597114e-05,2.061430632862372e-05,2.061430632862084e-05,0.2758997165592962,2.0614306328633716e-05,0.09092600802332589,0.05678842524258937,2.0614306328625825e-05,2.0614306328613323e-05,0.4495355036156249,2.0614306328624846e-05,2.0614306328632985e-05,0.02024744410394353,2.061430632862903e-05,0.018562762044578407,2.061430632863345e-05,2.0614306328624694e-05,2.0614306328628973e-05,2.061430632862912e-05,0.02269594410753029,0.026603675796127234,0.009491305062857785
105,23,1.883239171377433e-05,1.8832391713775666e-05,0.10337352243900808,0.011092082617096415,1.8832391713779277e-05,1.8832391713783397e-05,1.8832391713782913e-05,0.03453033344005804,1.8832391713753006e-05,1.8832391713802174e-05,1.8832391713772935e-05,0.5282892022489823,1.883239171378157e-05,0.008283765700902983,0.10516209571234975,0.015816281477825767,1.8832391713769313e-05,0.17272797992055428,1.8832391713788872e-05,0.010249718249516596,1.8832391713784448e-05,1.8832391713783723e-05,0.010098370359430309,1.883239171380659e-05,1.8832391713777075e-05,1.8832391713781422e-05,1.8832391713786413e-05,1.8832391713780023e-05,1.8832391713782015e-05,1.8832391713781846e-05
105,24,8.417508417518605e-05,8.417508417519634e-05,8.417508417521445e-05,8.417508417525158e-05,8.41750841752046e-05,8.417508417522286e-05,8.417508417519913e-05,8.417508417523766e-05,8.417508417510697e-05,8.417508417521291e-05,8.417508417518245e-05,0.09056356065234088,8.417508417519004e-05,0.6542254455005091,0.1978029097928823,8.41750841752074e-05,8.417508417516929e-05,8.41750841752182e-05,8.417508417523463e-05,8.417508417516522e-05,8.417508417520001e-05,8.417508417524452e-05,8.417508417527607e-05,8.417508417520028e-05,8.417508417517414e-05,8.417508417523066e-05,8.41750841751834e-05,0.05521953186571248,8.41750841752132e-05,8.417508417521862e-05
121,1,9.363295880159111e-05,9.363295880164488e-05,0.10911996265700855,9.363295880169775e-05,9.363295880162719e-05,0.04316332729319016,0.0068871218573248435,9.363295880166183e-05,9.363295880151861e-05,9.363295880163867e-05,9.363295880163977e-05,9.363295880165171e-05,0.15418815978793546,0.46194092655333546,9.363295880165098e-05,9.363295880163009e-05,9.363295880161335e-05,9.363295880166588e-05,9.363295880165384e-05,0.016106782634906933,0.06347528305204125,9.363295880167473e-05,9.363295880160864e-05,9.363295880161491e-05,9.363295880163055e-05,9.36329588016641e-05,9.363295880166274e-05,0.1430585110706213,9.363295880167593e-05,9.363295880164667e-05
121,2,5.6785917092652775e-05,5.6785917092648594e-05,0.03928946144994868,5.678591709267026e-05,5.6785917092645036e-05,5.678591709266595e-05,5.678591709265525e-05,0.07891023646008352,5.6785917092576176e-05,5.678591709264424e-05,5.678591709266423e-05,5.67859170926678e-05,5.67859170926689e-05,0.2872828118506178,5.678591709265387e-05,5.678591709267839e-05,5.6785917092628705e-05,0.5427492344491797,5.678591709266254e-05,5.678591709263262e-05,5.6785917092652564e-05,0.0338559264563661,5.678591709266473e-05,5.6785917092683756e-05,5.678591709264048e-05,5.6785917092656136e-05,5.678591709266035e-05,5.6785917092673415e-05,5.678591709267505e-05,0.01654946732358012
121,3,7.358351729223764e-05,7.358351729226796e-05,7.358351729229101e-05,0.018039062917681987,7.358351729224736e-05,7.358351729226691e-05,0.01901011260117445,7.358351729227166e-05,7.358351729215188e-05,7.358351729224645e-05,7.358351729222868e-05,0.20165677878786284,7.358351729227178e-05,7.358351729225683e-05,7.35835172922294e-05,7.358351729227208e-05,7.35835172922005e-05,0.2795919673247988,7.35835172922529e-05,0.010153859041811665,7.358351729224906e-05,7.358351729227388e-05,0.08050925226390644,7.35835172923082e-05,7.35835172922542e-05,7.358351729227662e-05,7.358351729230809e-05,0.3893465461650419,7.35835172922818e-05,7.358351729233689e-05
121,4,8.984725965873692e-05,8.984725965876177e-05,8.984725965872378e-05,8.984725965873121e-05,8.984725965872109e-05,8.984725965876204e-05,8.984725965871778e-05,8.984725965873043e-05,8.984725965859838e-05,8.984725965874323e-05,8.984725965868578e-05,8.984725965873739e-05,8.984725965875321e-05,0.3492328610929347,8.984725965870484e-05,8.984725965866667e-05,8.984725965869412e-05,0.5506817519959821,8.984725965874349e-05,8.984725965866991e-05,8.984725965875203e-05,0.028888643535947858,8.984725965871804e-05,8.984725965878503e-05,8.984725965868112e-05,8.984725965874357e-05,8.984725965883058e-05,0.06886071462400882,8.984725965873526e-05,8.984725965870588e-05
121,5,0.00011695906432761431,0.0001169590643276966,0.0144755520886948,0.020501915649481492,0.00011695906432764124,0.00011695906432771815,0.00011695906432767307,0.00011695906432771109,0.00011695906432751023,0.00011695906432765302,0.00011695906432763061,0.13994199483668865,0.10633715138095877,0.30149422397200154,0.00011695906432762969,0.00011695906432777263,0.0001169590643275626,0.31184940218628043,0.00011695906432767162,0.00011695906432776214,0.00011695906432766069,0.00011695906432770847,0.00011695906432763103,0.00011695906432767028,0.00011695906432765861,0.00011695906432767133,0.00011695906432765932,0.10270970140635806,0.00011695906432769611,0.00011695906432765344
121,6,7.246376811604438e-05,7.246376811603691e-05,7.246376811606536e-05,7.246376811606477e-05,7.246376811607338e-05,7.246376811605684e-05,7.246376811607899e-05,0.1594525535389198,7.246376811595784e-05,7.246376811604257e-05,7.246376811603635e-05,0.36522448401228674,0.050407843113522956,7.246376811604191e-05,0.005555147788856872,7.246376811606588e-05,7.24637681160168e-05,0.12891489854957244,7.246376811607143e-05,7.246376811609338e-05,7.246376811605819e-05,7.246376811606023e-05,0.009205048720944579,7.24637681160691e-05,7.246376811607486e-05,7.246376811607686e-05,7.246376811605534e-05,0.1966034850122437,7.24637681160721e-05,0.08304233636509974
121,7,4.4622936189271675e-05,4.462293618929064e-05,4.462293618928157e-05,4.462293618927776e-05,4.46229361892858e-05,4.462293618928145e-05,4.462293618930329e-05,0.027729199208943445,4.462293618921481e-05,4.462293618929304e-05,4.4622936189273545e-05,0.34941844333633415,0.07520162483604355,0.03449101478152224,4.4622936189264085e-05,0.03281739577630188,4.4622936189258156e-05,0.3259392229530374,4.4622936189282856e-05,4.4622936189278044e-05,4.462293618929748e-05,4.462293618931493e-05,0.022257639977352278,4.46229361893136e-05,4.462293618929104e-05,4.4622936189282103e-05,4.46229361892846e-05,0.11582066261989589,4.462293618928677e-05,0.015387714850594291
121,8,4.3917435221854825e-05,4.39174352218411e-05,4.3917435221869184e-05,4.3917435221851634e-05,4.391743522186392e-05,4.391743522185334e-05,4.3917435221861934e-05,4.391743522186414e-05,4.391743522179435e-05,4.3917435221850875e-05,4.391743522185203e-05,0.2595949148050418,4.391743522185724e-05,0.00020665529088142602,4.391743522184296e-05,4.3917435221856574e-05,4.3917435221842005e-05,0.5751454949251504,4.391743522184179e-05,4.39174352218354e-05,0.008729206076024168,4.391743522185421e-05,0.023727804365800926,0.02329222485247031,4.3917435221849716e-05,4.3917435221853626e-05,4.3917435221851485e-05,0.10829359867452815,4.3917435221867924e-05,4.391743522186213e-05
121,9,3.8270187523973466e-05,3.827018752398367e-05,3.827018752399601e-05,3.827018752398787e-05,3.8270187523983806e-05,3.827018752399688e-05,0.05511681732324413,3.827018752399498e-05,3.8270187523933086e-05,3.8270187523981164e-05,3.827018752397212e-05,0.35349980271593784,3.827018752399546e-05,3.82701875239904e-05,3.82701875239771e-05,3.827018752399679e-05,3.8270187523964494e-05,0.45669414578654266,3.827018752399072e-05,3.8270187523961695e-05,0.016763851203442693,3.827018752400053e-05,3.827018752396971e-05,3.827018752402766e-05,3.827018752398028e-05,3.8270187523994133e-05,3.827018752399175e-05,0.07319066350428716,3.827018752399489e-05,0.043816234965969716
121,10,3.186743148508623e-05,3.186743148507623e-05,3.186743148508246e-05,3.186743148508196e-05,3.186743148507169e-05,0.026778811647587608,3.1867431485076786e-05,3.186743148508285e-05,3.186743148503188e-05,3.186743148506742e-05,3.1867431485065734e-05,0.442324300127032,3.1867431485086015e-05,0.022825892241081034,3.18674314850718e-05,3.186743148508349e-05,3.18674314850632e-05,0.39708021715709735,3.186743148506979e-05,3.186743148506041e-05,3.186743148508011e-05,3.1867431485086015e-05,3.1867431485071636e-05,3.186743148507328e-05,3.1867431485074096e-05,3.186743148507762e-05,3.1867431485080526e-05,0.08315980011669778,0.027066160354862496,3.1867431485080235e-05
121,11,3.907776475191221e-05,3.907776475191876e-05,0.0603578429453462,3.9077764751935585e-05,3.90777647519221e-05,3.907776475191788e-05,3.907776475192305e-05,3.907776475192955e-05,3.9077764751865145e-05,3.9077764751918014e-05,3.907776475190731e-05,0.36607327680024776,0.01935637297480729,3.907776475191887e-05,3.907776475191311e-05,3.9077764751930557e-05,3.907776475189319e-05,0.46402718789284697,3.907776475191335e-05,3.907776475190913e-05,3.907776475192167e-05,3.907776475192643e-05,3.90777647519175e-05,3.9077764751935754e-05,3.907776475191937e-05,3.9077764751925915e-05,3.907776475193283e-05,3.907776475192851e-05,3.907776475192202e-05,0.08920837526795358
121,12,5.9206631142795655e-05,5.9206631142781316e-05,0.12484577858240081,0.02359732041385125,5.920663114278097e-05,5.9206631142803664e-05,5.920663114279251e-05,5.9206631142802675e-05,5.920663114269949e-05,5.920663114277847e-05,5.920663114276331e-05,0.25881823684968985,5.9206631142803685e-05,5.92066311427985e-05,5.92066311427793e-05,5.920663114277871e-05,5.920663114275404e-05,0.5911992917443452,5.920663114277132e-05,5.920663114274862e-05,5.920663114281631e-05,5.9206631142784264e-05,5.920663114278062e-05,5.920663114279892e-05,5.920663114277125e-05,5.920663114279108e-05,5.9206631142784007e-05,5.920663114279608e-05,5.920663114279739e-05,5.9206631142799605e-05
121,13,3.982477100762651e-05,3.982477100762107e-05,3.982477100764455e-05,3.982477100763626e-05,0.004228169687238556,0.02393655809936975,3.982477100764505e-05,3.9824771007633724e-05,3.982477100757648e-05,3.9824771007630804e-05,3.9824771007620985e-05,0.5376611727708807,3.982477100764004e-05,3.982477100763607e-05,3.982477100763525e-05,3.982477100763798e-05,3.982477100762673e-05,0.4139105940526006,3.9824771007672464e-05,3.982477100762581e-05,0.019267886114719465,3.9824771007646105e-05,3.9824771007630465e-05,3.982477100765252e-05,3.982477100763595e-05,3.9824771007639904e-05,3.9824771007635195e-05,3.9824771007637655e-05,3.98247710076428e-05,3.982477100764349e-05
121,14,3.7243947858528715e-05,3.724394785853311e-05,3.724394785854453e-05,0.05755287192276185,3.724394785853313e-05,0.020933554556144873,3.7243947858532314e-05,3.724394785854371e-05,3.72439478584826e-05,3.724394785852179e-05,3.7243947858528376e-05,0.4186357299859299,3.724394785854431e-05,3.724394785854137e-05,0.0026708069235707103,0.017993730469733564,3.7243947858518436e-05,0.2687674465041698,3.724394785854434e-05,0.03155062366897489,3.724394785854343e-05,0.07524736541436584,3.724394785853615e-05,3.7243947858561485e-05,3.724394785852706e-05,3.724394785853792e-05,3.7243947858532707e-05,0.10586574764931912,3.724394785854313e-05,3.724394785853134e-05
121,15,3.889537145085072e-05,3.8895371450861293e-05,3.889537145086796e-05,3.889537145087398e-05,3.889537145086539e-05,3.889537145087565e-05,3.8895371450867555e-05,0.030339858006338108,3.889537145080812e-05,3.8895371450870956e-05,3.8895371450855906e-05,0.6619688980316324,3.889537145087867e-05,0.020010945520012816,3.889537145086686e-05,3.889537145087116e-05,3.889537145085092e-05,0.14050355538811857,3.8895371450929564e-05,0.00973559269106858,0.06747507848851915,3.88953714508932e-05,3.889537145084683e-05,3.889537145086403e-05,3.8895371450862805e-05,3.8895371450875544e-05,3.889537145087473e-05,0.05801609606236492,3.8895371450877794e-05,0.011094277640026157
121,16,4.31220353601383e-05,4.312203536012472e-05,4.3122035360145874e-05,0.04339566743451044,4.312203536014965e-05,4.312203536014313e-05,4.3122035360139904e-05,4.312203536015247e-05,4.31220353600818e-05,4.312203536012875e-05,4.3122035360128086e-05,0.659559420716827,4.3122035360152596e-05,0.013449708256783524,0.02319586066792923,4.3122035360136184e-05,4.3122035360117705e-05,0.04894278598959401,4.312203536013262e-05,4.312203536015687e-05,0.03411435198023328,4.312203536014778e-05,4.3122035360131007e-05,4.31220353601413e-05,4.312203536013696e-05,4.312203536013788e-05,4.312203536013461e-05,0.17635039814083903,4.3122035360148184e-05,4.312203536015032e-05
121,17,9.310986964637929e-05,9.310986964634516e-05,0.08660266425849653,9.310986964633382e-05,9.310986964632376e-05,9.31098696463285e-05,9.310986964633173e-05,9.310986964635306e-05,9.310986964622505e-05,9.310986964628254e-05,9.31098696463265e-05,0.4313953548579176,9.310986964637024e-05,0.4134548813340714,9.310986964632845e-05,9.310986964635293e-05,9.310986964630827e-05,9.310986964635886e-05,9.31098696463088e-05,0.01572371234070064,9.310986964635576e-05,9.310986964633878e-05,9.310986964632157e-05,9.310986964631715e-05,9.310986964630033e-05,9.310986964632372e-05,9.310986964635535e-05,9.310986964635541e-05,0.05049564046765562,9.31098696463126e-05
121,18,5.6593095642426784e-05,5.659309564241613e-05,0.05070306911653208,0.03780252962443961,5.6593095642441536e-05,5.659309564243557e-05,5.659309564244898e-05,5.659309564244013e-05,5.659309564234339e-05,5.659309564242134e-05,5.659309564240466e-05,0.719895995574679,5.659309564246169e-05,5.659309564242742e-05,0.018102600874482278,5.659309564244669e-05,5.659309564239153e-05,0.09179633346901585,5.6593095642425286e-05,0.011231345068291595,0.03402920282195476,5.659309564244203e-05,5.6593095642411585e-05,5.659309564242409e-05,5.659309564242377e-05,5.659309564243659e-05,5.659309564242852e-05,0.03519387534647118,5.659309564244918e-05,5.659309564244897e-05
121,19,8.230452674913489e-05,8.230452674906706e-05,8.230452674911097e-05,8.230452674910705e-05,8.230452674908196e-05,8.230452674908989e-05,8.230452674908936e-05,8.230452674910719e-05,8.230452674899611e-05,8.23045267490743e-05,8.230452674907108e-05,0.9071536816506407,8.230452674909706e-05,8.230452674911945e-05,0.08402913653878437,8.230452674906356e-05,8.230452674905046e-05,8.230452674911164e-05,8.230452674907919e-05,8.23045267490599e-05,8.230452674915473e-05,8.230452674908649e-05,0.006594959588349811,8.230452674906563e-05,8.230452674909068e-05,8.230452674908676e-05,8.230452674909369e-05,8.230452674912329e-05,8.230452674912218e-05,8.230452674907215e-05
121,20,4.456327985746473e-05,4.456327985747115e-05,0.16328112090384755,0.11718195183962099,4.456327985745687e-05,4.4563279857478154e-05,4.4563279857458625e-05,4.456327985746698e-05,4.456327985740784e-05,4.456327985745272e-05,0.004311313789084615,4.456327985747957e-05,0.025409681062517075,0.16762013196754288,0.009407605352848134,4.456327985745845e-05,4.456327985744957e-05,0.37692831571310137,4.4563279857465246e-05,4.456327985743866e-05,4.456327985747047e-05,4.456327985748002e-05,4.456327985745647e-05,4.456327985746649e-05,0.008726739106713474,4.45632798574705e-05,4.4563279857469806e-05,4.4563279857476094e-05,0.1261973113877168,4.456327985747431e-05
121,21,4.616805170828508e-05,4.616805170828262e-05,0.4928995561420009,4.6168051708311924e-05,4.6168051708278815e-05,4.6168051708293554e-05,4.616805170828086e-05,4.6168051708294414e-05,4.616805170822869e-05,4.616805170828532e-05,4.616805170828208e-05,4.616805170830519e-05,4.616805170829735e-05,4.616805170831162e-05,4.6168051708285334e-05,4.616805170828949e-05,4.6168051708265364e-05,0.29258337909021637,4.616805170827645e-05,0.0025595208434941513,4.616805170827516e-05,4.616805170829901e-05,4.616805170827899e-05,4.6168051708305825e-05,4.616805170828077e-05,4.616805170829407e-05,4.6168051708298886e-05,4.616805170829317e-05,0.11803160397992175,0.09277173865165941
121,22,3.858024691363118e-05,3.858024691363906e-05,0.13306404266759153,0.07229736784728834,3.8580246913642296e-05,3.858024691365537e-05,3.858024691363691e-05,3.8580246913647494e-05,3.858024691359368e-05,3.8580246913633934e-05,3.85802469136307e-05,0.06201049179796896,0.03677511734407388,0.19162945999361233,3.8580246913637946e-05,3.858024691364301e-05,3.8580246913626826e-05,0.4009030104279303,3.85802469136361e-05,3.858024691364187e-05,0.04365159094385748,3.858024691365012e-05,3.858024691363279e-05,3.8580246913645454e-05,3.858024691364133e-05,3.8580246913647473e-05,3.8580246913644065e-05,3.858024691365228e-05,0.05882015354557686,3.858024691365781e-05
121,23,5.4024851431729784e-05,5.402485143173726e-05,0.24110405418865172,5.4024851431763015e-05,5.4024851431736364e-05,5.4024851431758935e-05,5.4024851431726396e-05,5.4024851431739847e-05,5.402485143167871e-05,5.402485143172345e-05,5.4024851431810225e-05,5.402485143175196e-05,5.402485143175333e-05,0.20442205794448823,5.4024851431743106e-05,5.402485143172252e-05,5.4024851431719606e-05,0.32913325990645886,5.402485143173949e-05,5.402485143175647e-05,5.4024851431752e-05,0.04163687395299719,5.402485143173147e-05,5.4024851431754504e-05,5.4024851431722716e-05,5.402485143174825e-05,5.402485143174619e-05,5.40248514317435e-05,0.18235313272161052,5.4024851431756225e-05
121,24,4.66200466201058e-05,4.662004662011566e-05,0.2541722860307805,4.6620046620128755e-05,4.662004662011579e-05,4.6620046620121674e-05,4.662004662013022e-05,4.662004662012743e-05,4.662004662005975e-05,4.662004662010994e-05,4.6620046620102416e-05,0.24594034168251971,0.03337922266986179,0.1941929209425803,4.662004662011609e-05,4.662004662011312e-05,4.662004662009765e-05,0.23960039487421173,4.662004662011982e-05,4.66200466201819e-05,4.6620046620135565e-05,4.662004662011933e-05,4.6620046620134474e-05,4.662004662012968e-05,4.66200466201201e-05,4.662004662012543e-05,4.6620046620127854e-05,4.6620046620119946e-05,0.03159595268116267,4.6620046620131743e-05
121,25,4.284490145679407e-05,4.284490145679574e-05,0.09586194411527725,0.03975844482865761,4.284490145678604e-05,4.284490145681325e-05,4.284490145679895e-05,4.284490145679779e-05,4.284490145673824e-05,4.284490145678301e-05,4.284490145678638e-05,0.7162930244498819,4.284490145680843e-05,0.05048337402298956,0.01220962048257564,0.01289904636275125,4.284490145679847e-05,4.2844901456801565e-05,4.284490145679483e-05,0.044326449465182514,0.02722550844063449,4.284490145680778e-05,4.28449014567902e-05,4.2844901456778634e-05,4.284490145678608e-05,4.28449014568e-05,4.28449014568241e-05,4.284490145679675e-05,4.284490145680096e-05,4.284490145678361e-05
121,26,5.012531328328578e-05,5.0125313283285705e-05,5.012531328330336e-05,0.17434390882096262,5.012531328329506e-05,0.03333369441239006,5.0125313283294555e-05,5.012531328329734e-05,5.012531328321832e-05,5.0125313283285515e-05,5.012531328337466e-05,0.22692151539613328,0.025176238975283118,0.17719354834385956,0.014140343161020915,5.0125313283310886e-05,5.0125313283261046e-05,0.2670385170180876,5.012531328329092e-05,5.012531328331507e-05,5.01253132832983e-05,5.012531328329783e-05,5.012531328329719e-05,5.012531328329236e-05,5.012531328329156e-05,5.012531328328775e-05,5.012531328329139e-05,5.0125313283298e-05,0.08074947698002992,5.012531328329349e-05
121,27,0.0001013171225938552,0.00010131712259385649,0.00010131712259392047,0.025769847161638982,0.0001013171225939191,0.00010131712259391002,0.00010131712259390274,0.00010131712259391261,0.00010131712259374434,0.00010131712259388678,0.00010131712259385907,0.7733924251574894,0.00010131712259388812,0.03966385298073146,0.030725256721751647,0.00010131712259401838,0.00010131712259381268,0.0001013171225939059,0.00010131712259387306,0.02841826899055627,0.00010131712259388664,0.00010131712259390327,0.00010131712259385429,0.00010131712259389091,0.00010131712259391742,0.09959873804557921,0.00010131712259387484,0.00010131712259390202,0.00010131712259388251,0.0001013171225938784
121,28,3.508771929829899e-05,3.5087719298292476e-05,0.18738684768542338,3.5087719298307574e-05,3.5087719298295444e-05,3.5087719298300126e-05,3.5087719298331575e-05,3.5087719298304036e-05,3.5087719298254136e-05,3.508771929828899e-05,3.5087719298282407e-05,0.4845412993485199,3.508771929829789e-05,0.12836607799802843,0.009606292655257068,3.5087719298296996e-05,3.508771929828384e-05,0.15613377314095014,3.508771929829287e-05,0.005240863592633334,3.508771929830283e-05,3.508771929829655e-05,3.5087719298296643e-05,3.5087719298291615e-05,3.508771929830362e-05,3.5087719298301875e-05,3.508771929830213e-05,3.5087719298297585e-05,0.027917828035326803,3.508771929830922e-05
121,29,3.835826620641289e-05,3.835826620642078e-05,0.16207471026123926,3.83582662064374e-05,3.835826620642998e-05,3.835826620643293e-05,3.835826620642837e-05,0.014671074721360785,3.8358266206377926e-05,3.835826620642004e-05,3.835826620642885e-05,0.3115004990676088,3.8358266206446536e-05,0.28234650847383114,3.83582662064326e-05,3.835826620642102e-05,3.835826620641498e-05,0.22141000255675997,3.835826620641713e-05,0.007076606530245562,3.835826620643736e-05,3.835826620643144e-05,3.83582662064239e-05,3.835826620642029e-05,3.8358266206424174e-05,3.835826620643304e-05,3.8358266206434806e-05,3.8358266206433946e-05,3.8358266206441996e-05,3.835826620643056e-05
121,30,4.8309178744026315e-05,4.8309178744028626e-05,0.10614271129603375,4.830917874405242e-05,4.8309178744036304e-05,4.830917874404404e-05,4.8309178744033525e-05,4.8309178744044496e-05,4.830917874397353e-05,4.830917874402977e-05,4.830917874403624e-05,0.09673184899970247,4.830917874404205e-05,0.49709484729190156,4.8309178744036324e-05,4.830917874407111e-05,4.8309178744013725e-05,0.2659993637130876,4.8309178744030374e-05,4.830917874405573e-05,0.032823499230673445,4.830917874404589e-05,4.830917874403166e-05,4.830917874403217e-05,4.830917874402179e-05,4.830917874403716e-05,4.830917874403473e-05,4.830917874404809e-05,4.8309178744058516e-05,4.830917874403967e-05
121,31,0.00011494252873582242,0.0001149425287358156,0.00011494252873583929,0.00011494252873585158,0.00011494252873579725,0.00011494252873584417,0.00011494252873584939,0.00011494252873582651,0.00011494252873566645,0.00011494252873578738,0.00011494252873573061,0.14825371058546746,0.00011494252873585317,0.8252856638235742,0.00011494252873581157,0.00011494252873582452,0.00011494252873576212,0.00011494252873585329,0.00011494252873581586,0.00011494252873599216,0.00011494252873588037,0.00011494252873587386,0.00011494252873581354,0.00011494252873583041,0.00011494252873580825,0.00011494252873586206,0.00011494252873581378,0.02335717731509092,0.00011494252873586999,0.0001149425287358478
141,1,3.775009437528218e-05,3.7750094375296494e-05,3.7750094375299496e-05,3.775009437529748e-05,3.7750094375298784e-05,3.77500943753041e-05,3.7750094375293465e-05,0.07700326050568913,3.7750094375249893e-05,3.775009437529491e-05,3.775009437530967e-05,0.37826264914404595,3.7750094375308874e-05,0.4416460451391842,3.775009437529549e-05,0.010632864163198618,3.7750094375300925e-05,3.7750094375304795e-05,3.775009437531091e-05,3.775009437533669e-05,3.775009437531312e-05,3.77500943753151e-05,0.022584798806549962,3.775009437532539e-05,3.7750094375298276e-05,3.7750094375298805e-05,3.775009437529681e-05,0.0689643799763248,3.7750094375310846e-05,3.775009437532682e-05
141,2,3.3670033670073634e-05,3.3670033670087776e-05,0.013383910096561476,0.04966626065515295,3.3670033670087525e-05,0.022160207059931773,3.3670033670086814e-05,3.367003367009848e-05,3.367003367004396e-05,3.367003367007824e-05,3.367003367007944e-05,0.3764240915350575,3.3670033670099736e-05,0.35613722951776333,3.3670033670089985e-05,3.367003367009212e-05,3.3670033670070104e-05,0.03956969099263916,3.3670033670081617e-05,0.013540386035620525,3.3670033670098225e-05,3.367003367009585e-05,0.009873450575692581,3.367003367008156e-05,3.3670033670082863e-05,0.0646678579314186,3.367003367008849e-05,0.041371204724933434,3.367003367009347e-05,0.012565980235497086
141,3,3.2679738562137145e-05,3.267973856214079e-05,3.2679738562141976e-05,3.267973856215445e-05,3.26797385621438e-05,3.2679738562149416e-05,3.267973856214696e-05,0.0687213956936021,3.267973856209846e-05,3.267973856213689e-05,3.267973856212805e-05,0.5073926853928917,3.267973856214911e-05,0.32941988125273636,3.267973856214302e-05,3.267973856213966e-05,3.267973856213251e-05,3.26797385621507e-05,3.2679738562151144e-05,3.2679738562131324e-05,3.26797385621494e-05,3.267973856214762e-05,0.02433229602410741,3.2679738562171114e-05,3.267973856214092e-05,3.2679738562144964e-05,3.267973856214325e-05,0.04649590276138697,3.267973856214612e-05,0.022853525149783824
141,4,3.595828838552492e-05,3.595828838553279e-05,3.595828838553339e-05,3.595828838554231e-05,3.595828838553798e-05,0.037090423877429265,3.5958288385527844e-05,3.5958288385537933e-05,3.59582883854847e-05,3.595828838552661e-05,3.595828838551199e-05,3.595828838553957e-05,3.595828838554597e-05,0.6550255216091251,3.5958288385532594e-05,3.595828838552227e-05,3.5958288385507495e-05,0.22448038076406637,3.595828838552963e-05,3.595828838551813e-05,3.595828838554156e-05,3.5958288385534904e-05,3.5958288385548654e-05,3.595828838552187e-05,3.595828838551952e-05,3.595828838554411e-05,3.595828838553206e-05,0.08246875825135533,3.5958288385536165e-05,3.595828838553784e-05
141,5,3.907776475191929e-05,3.9077764751922676e-05,3.9077764751921734e-05,3.907776475193446e-05,3.907776475191709e-05,3.907776475192916e-05,3.9077764751922554e-05,0.04073037824523951,3.9077764751867165e-05,3.907776475191508e-05,3.907776475191065e-05,0.20346648158899167,3.907776475192232e-05,0.15614672049845646,3.907776475191598e-05,3.9077764751919674e-05,3.9077764751895584e-05,0.2520437805424044,3.907776475191331e-05,3.907776475190364e-05,3.9077764751931946e-05,3.9077764751932915e-05,3.907776475191457e-05,3.907776475192251e-05,3.9077764751912464e-05,3.907776475192657e-05,3.9077764751913596e-05,0.34663569500610986,3.9077764751916374e-05,3.90777647519233e-05
