book_id,chap_id,0,1,2,3,4,5,6,7,8,9,10,11,12,13,14,15,16,17,18,19
105,1,0.049734984114723685,0.079755300077151,7.886435530614289e-05,7.886435530991441e-05,7.886435516345034e-05,7.886435511310176e-05,7.886435511542259e-05,7.886435505847537e-05,7.886435483028571e-05,7.886435497676219e-05,7.88643560083597e-05,7.886435505157718e-05,0.04309261403781933,0.8261552720881812,7.886435515071206e-05,7.886435575038088e-05,7.886435423813966e-05,7.886435528922954e-05,7.88643547682801e-05,7.886435499485019e-05
105,2,0.09281401584280026,9.960159612075238e-05,9.960159618275929e-05,0.04141768294327836,9.960159573487495e-05,9.960159619021419e-05,9.960159547883205e-05,9.960159611978011e-05,9.96015959079906e-05,9.96015960785524e-05,9.960159528355785e-05,9.960159606361508e-05,9.960159615524779e-05,0.7549070861322922,9.960159590377395e-05,0.10926758954749816,9.960159465877754e-05,9.960159616117956e-05,9.960159559754963e-05,9.960159649357453e-05
105,3,0.10191373962463772,6.476684106341089e-05,6.476684086279322e-05,6.476684100299986e-05,6.476684109751464e-05,0.04188901200593754,0.024398985848666524,0.0843508107103706,6.47668408763719e-05,6.476684077213221e-05,6.476684105669724e-05,0.14313445867999997,6.476684097256774e-05,0.2632048451777709,6.476684071761397e-05,6.476684103922399e-05,6.476684027803831e-05,0.2691637023644716,0.071167243497705,6.476684070086145e-05
105,4,0.00011337868750642498,0.00011337868798379143,0.05442755033881205,0.00011337868740309178,0.00011337868708900982,0.00011337868780516707,0.00011337868694442433,0.00011337868813710399,0.00011337868736107822,0.0001133786877845575,0.00011337868684953872,0.00011337868770762118,0.00011337868733219505,0.8702536286324128,0.03700726061534082,0.029622577448961438,0.0001133786864525391,0.00011337868732884657,0.006988302653626853,0.00011337868716065863
105,5,0.007186573205525327,0.035519613129889646,5.574136133334048e-05,0.015476760777472754,5.5741361511782885e-05,0.062041741276449305,5.5741361115571304e-05,5.574136143510281e-05,5.574136127321005e-05,5.574136108834003e-05,5.574136112188163e-05,0.09266665926872115,5.5741361454674656e-05,0.23361864141203578,5.574136136052641e-05,0.03852218674392164,5.574136085456595e-05,0.5142989278508193,5.574136142982238e-05,5.574136118621549e-05
105,6,4.83091794118674e-05,0.06887439217669611,4.830918006051375e-05,4.830918007084632e-05,4.8309179943128094e-05,4.830917995109929e-05,4.830917999627855e-05,0.06738680354344642,4.83091799311752e-05,4.830918011582117e-05,4.830917945340901e-05,0.10044119384671608,4.830918004117602e-05,0.3548444091322569,0.06208193090569442,4.830917995244498e-05,4.8309179502879596e-05,0.3283650073622742,0.01737824369456252,4.8309179922656825e-05
105,7,5.0607288228944874e-05,5.0607288626186765e-05,0.07016117450425,5.0607288640891135e-05,5.060728878572343e-05,5.060728861857717e-05,5.060728865060165e-05,5.0607288656387725e-05,5.060728866888175e-05,5.0607288442489774e-05,5.060728829795935e-05,0.3751367170434327,5.060728857964399e-05,5.0607288700394034e-05,0.36188211520964636,0.007879810734401343,5.06072881447153e-05,0.18418107318008436,5.060728860750138e-05,5.060728853624008e-05
105,8,5.181347231734758e-05,5.181347275073715e-05,5.181347277353839e-05,0.020860515375983938,5.181347265050497e-05,5.181347276678846e-05,5.1813472777862425e-05,0.07505171892849524,5.181347281577966e-05,5.1813472749866184e-05,5.1813472583917786e-05,0.23156520854899326,5.18134728652885e-05,0.07880409732897561,0.11126571706637851,5.181347274260522e-05,5.1813472309590154e-05,0.3529731353294357,0.12880603227693027,5.1813472703613537e-05
105,9,6.702413022933152e-05,6.702413030356498e-05,6.702413031126669e-05,6.702413062794898e-05,6.702413021482589e-05,0.07335140853511019,6.70241301415272e-05,0.05553638300729743,6.702413047121308e-05,6.702412989269271e-05,6.70241296888163e-05,0.1656942420199072,6.702413022608408e-05,0.16572564253395156,0.32203977468147127,6.702413048367711e-05,6.702412982721227e-05,0.21671421139975808,6.70241302210566e-05,6.702412986482812e-05
105,10,4.859086588752141e-05,4.859086612196831e-05,0.1430291356125237,4.8590866143870846e-05,4.8590866005730804e-05,0.04381888175658676,4.8590866194794535e-05,4.859086604870332e-05,0.021477448563730205,4.859086599596477e-05,4.8590866247179484e-05,0.23777140992699364,4.859086613389006e-05,0.08453904484322182,0.1195456315531569,4.859086622510273e-05,4.859086571693307e-05,0.3491867664849788,4.859086621973942e-05,4.8590865866755113e-05
105,11,6.410256517763115e-05,6.410256568473783e-05,0.08308390062183407,6.410256570685247e-05,6.410256533545883e-05,6.410256576617193e-05,6.410256524526074e-05,6.41025655696672e-05,6.410256540362021e-05,6.410256541303436e-05,6.41025650929915e-05,6.410256569342468e-05,0.12421256373170055,0.3895137512386399,0.4021641433601218,6.410256592382334e-05,6.410256505536882e-05,6.410256576049161e-05,6.410256555290273e-05,6.410256532234383e-05
105,12,0.011441848989819231,3.324468158597129e-05,0.23272259791639416,0.022134667514747786,0.005014817088438607,3.324468168745927e-05,0.008879307714180109,3.324468170746279e-05,3.324468176462173e-05,0.011337588201080473,3.324468136477957e-05,0.1726921262981435,3.324468161858463e-05,8.183098168885128e-05,0.3009355796415113,3.3244681617305616e-05,3.324468137364014e-05,0.2344271888381067,3.324468161385193e-05,3.3244681555505354e-05
105,13,6.830601249708032e-05,6.830601259744534e-05,0.11452353403206851,6.83060125680024e-05,6.830601262924577e-05,6.830601258726472e-05,6.830601345009048e-05,0.038578955223875236,6.830601299990898e-05,6.830601220308668e-05,6.830601219077914e-05,0.05210403566702823,6.830601276230062e-05,0.33837877185004905,0.19648554867260185,6.830601282131718e-05,6.830601203254718e-05,0.258972870378288,6.83060123653744e-05,6.830601238468305e-05
105,14,7.645260093699779e-05,7.645260120947622e-05,7.645260142319261e-05,7.645260146209478e-05,7.645260144968767e-05,7.645260161816642e-05,0.01859265962318987,0.032521890587768755,0.01749397371445268,7.64526012180915e-05,7.64526005562274e-05,0.08194790788270606,7.645260140344264e-05,0.2019615028643666,0.16955274301133055,0.013831314633592818,7.64526006129354e-05,0.46318057646860217,7.645260098340347e-05,7.645260111671956e-05
105,15,0.04693647791337193,6.756756904705931e-05,0.05548724592307584,6.756756910112592e-05,6.756756892348907e-05,0.032480639150089995,6.756756865620504e-05,6.756756916108897e-05,6.756756900034135e-05,6.756756873401262e-05,6.75675687041312e-05,6.756756918930779e-05,6.756756943838704e-05,0.40438776210021427,6.756756910890971e-05,6.756756914628019e-05,6.756756844435849e-05,0.4596943613790673,6.756756881955573e-05,6.756756870615591e-05
105,16,0.01408754686943116,7.621951415551663e-05,7.621951417088309e-05,7.621951419710831e-05,7.62195138039025e-05,7.621951398802527e-05,7.621951375211852e-05,7.621951407995762e-05,7.621951395616686e-05,7.621951412122829e-05,7.621951440233304e-05,0.17272306631850382,7.62195139994381e-05,0.5484630190559415,7.621951375822742e-05,0.030427011290491166,7.621951337356054e-05,0.23315606375654435,7.621951378657943e-05,7.621951354309735e-05
105,17,0.013808140669527957,0.06044993174112834,0.0036340518425537083,5.235602212615591e-05,5.235602224121233e-05,5.235602223836642e-05,5.235602202598713e-05,0.04863517325159269,5.235602209523861e-05,5.235602192852892e-05,5.2356021757948936e-05,0.08061636208678505,5.2356022280339694e-05,0.4932106462446142,5.2356022165716086e-05,5.2356022131050646e-05,5.23560216526457e-05,0.29896506587713345,5.235602203430085e-05,5.235602198737043e-05
105,18,0.020695270736958215,4.351610202047702e-05,4.351610196046954e-05,4.3516102000328405e-05,4.351610206860396e-05,4.351610211668799e-05,4.351610213140891e-05,0.108780910314743,4.3516102037772046e-05,4.351610214062335e-05,4.3516101752686214e-05,0.4277420252909057,4.3516102177223735e-05,4.351610204304235e-05,0.1487051386268971,0.017644207746788897,4.351610173363035e-05,0.27582322185540165,4.351610220403451e-05,4.3516101918429474e-05
105,19,7.861635370525808e-05,7.86163541794037e-05,0.13385002955727518,7.861635402827739e-05,7.861635385656099e-05,7.86163538309549e-05,7.861635392176503e-05,7.861635420306292e-05,7.861635390008141e-05,7.861635370678251e-05,7.861635348436238e-05,7.861635418905505e-05,7.861635387235933e-05,7.861635414125352e-05,0.22594029572579474,7.861635376128832e-05,7.86163532698037e-05,0.6388731967016189,7.861635367446032e-05,7.86163535863845e-05
105,20,0.004246625753401724,5.399568164526227e-05,0.26754970910653797,0.018120095698978333,5.399568145208624e-05,5.39956816114459e-05,5.399568144549991e-05,5.3995681560134875e-05,5.399568168056014e-05,5.399568144696012e-05,5.3995681307597186e-05,0.16336461544773168,5.3995681595859825e-05,0.19002158522120688,0.08011477000584112,5.399568148481533e-05,5.399568097217318e-05,0.2758806549073693,5.399568136766847e-05,5.399568136306234e-05
105,21,0.003931414578049631,0.030523161679304946,2.6652452699902546e-05,2.6652452580028153e-05,2.6652452640072435e-05,2.6652452689216396e-05,2.6652452683894752e-05,0.01766700115068283,2.6652452641250543e-05,2.6652452647577252e-05,2.665245248113628e-05,0.48473987879867225,2.665245269035571e-05,0.2552578750034837,0.008370299973004508,2.6652452702831776e-05,2.6652452368657502e-05,0.19916388693279,2.6652452598495593e-05,2.665245258874682e-05
105,22,0.008720184184661434,3.092146022477335e-05,0.05988939181699083,0.03354799293799279,3.0921460273346113e-05,3.0921460224207875e-05,3.092146022060147e-05,0.020237360011088616,0.028706790391702666,3.0921460186231045e-05,3.0921459978906314e-05,0.14737293884037356,3.092146025817433e-05,0.15929979318946855,0.08237825872647707,0.012054892290570387,3.092145987256204e-05,0.4474831830091238,3.092146014473166e-05,3.092146016670999e-05
105,23,2.8248588376215026e-05,0.022750702879339273,0.1613339000568243,0.014734586050193803,2.8248588175468624e-05,2.8248588196131116e-05,2.8248588234076908e-05,0.03407075950849391,2.8248588234296286e-05,2.824858829435568e-05,2.824858795078877e-05,0.5266333976622447,2.8248588192527844e-05,0.009544558359366954,0.16736367336243305,2.8248588253457126e-05,2.8248587963350754e-05,0.06322943906282355,2.824858827596453e-05,2.824858813382175e-05
105,24,0.02083888498106643,0.0001262626292797653,0.00012626262869838324,0.00012626262972919054,0.00012626262903171263,0.0001262626290921067,0.0001262626284753648,0.00012626262940633695,0.00012626262860873834,0.00012626262849400579,0.00012626262902988087,0.00012626262960119914,0.00012626262845054804,0.7638167350894125,0.2131979152383268,0.00012626262917072063,0.0001262626278950409,0.0001262626291730056,0.0001262626292693685,0.00012626262778904485
121,1,0.00014044944039960717,0.0711223060131013,0.00014044944157357717,0.00014044944218541023,0.00014044944124247646,0.000140449441571109,0.0001404494420251323,0.0001404494418128245,0.00014044944215935628,0.00014044944063916885,0.00014044944056440414,0.00014044944164084522,0.18562275956522808,0.6853846082173166,0.0001404494413026516,0.05562313514226722,0.00014044944022891114,0.00014044944194720584,0.00014044944122816098,0.00014044944156590391
121,2,8.517887774455997e-05,8.517887792383286e-05,0.16729224758567268,0.015029998845426364,8.517887768845484e-05,8.517887778754715e-05,8.517887753856283e-05,0.06190078706646971,8.517887785262203e-05,8.517887743672327e-05,8.517887728484339e-05,8.517887769652987e-05,8.517887774055464e-05,0.2902628153142321,8.517887761231479e-05,8.517887760561346e-05,8.517887674201001e-05,0.4642364680248117,8.517887765468729e-05,8.517887707840727e-05
121,3,0.08394409966467312,0.07876345793842177,0.00011037527870089488,0.00011037527890994421,0.0001103752786418327,0.00011037527870167799,0.00011037527900965441,0.030792773938267223,0.019903700919498953,0.00011037527904294823,0.00011037527758019476,0.2272873750293585,0.00011037527882761842,0.00011037527847650898,0.00011037527800726101,0.00011037527912806937,0.00011037527749430633,0.5577633386105378,0.00011037527853255124,0.00011037527818897245
121,4,0.0001347708918769994,0.0001347708925015645,0.0001347708929769879,0.00013477089206756336,0.00013477089182646656,0.00013477089301954718,0.00013477089245287412,0.0001347708925865461,0.00013477089226863632,0.0001347708933808706,0.0001347708912182026,0.00013477089254958246,0.040169522414343975,0.4031057904478599,0.00013477089236302442,0.00013477089201888021,0.000134770891742004,0.554433581968771,0.00013477089252012618,0.00013477089165539672
121,5,0.00017543859917369556,0.13383456472293545,0.00017543860099188626,0.00017543860190878958,0.00017543859983171968,0.00017543860104588235,0.00017543860015740536,0.00017543860115526246,0.00017543860215094823,0.0001754385999881704,0.0001754385985005286,0.009758405791439568,0.00017543860045686753,0.3413242753800113,0.00017543859979075662,0.0001754386014698869,0.00017543859735401492,0.5122757365016273,0.00017543860008310607,0.00017543859992760711
121,6,0.00010869565525252889,0.00010869565454305008,0.00010869565486405224,0.0001086956550927101,0.0001086956550302812,0.00010869565440547462,0.00010869565467945239,0.3249187242528348,0.03385821065621934,0.00010869565443070559,0.00010869565381312654,0.2472729185455647,0.00010869565504365063,0.00010869565426130337,0.007225646007426452,0.039798439750029904,0.00010869565366060516,0.3454043216229029,0.00010869565494544543,0.00010869565499941032
121,7,6.693440593137939e-05,0.035751365040433795,6.693440594204287e-05,6.693440567986308e-05,6.693440606323055e-05,6.693440579535708e-05,6.693440589119693e-05,0.09573434274956712,6.693440566297369e-05,6.693440576677808e-05,6.693440519369913e-05,0.3103540092484529,0.049165853324681714,0.048104703267561014,6.693440552447608e-05,6.693440609355847e-05,6.693440539937713e-05,0.45995264468846886,6.693440596013888e-05,6.693440593058859e-05
121,8,0.02164421494469647,6.587615428920556e-05,0.08722171623948323,6.58761542325273e-05,6.587615455831366e-05,6.587615428879721e-05,6.587615441890245e-05,6.58761545022686e-05,0.021218093136368077,6.587615435866093e-05,6.587615401774561e-05,0.19324097622388275,6.587615436135367e-05,0.019033714055051075,6.587615416292837e-05,6.587615436298594e-05,6.587615386173293e-05,0.6567190192407246,6.587615406645164e-05,6.587615431187428e-05
121,9,5.740528219558672e-05,5.740528284286042e-05,0.11148637862947437,5.740528277445946e-05,5.7405282832843887e-05,5.7405282745720856e-05,0.05053408312023117,0.019512263243643458,5.740528282462887e-05,5.740528262112813e-05,5.7405282103319895e-05,0.2783699167340282,5.740528271574712e-05,5.740528274593822e-05,5.74052825264373e-05,5.740528287363584e-05,5.740528200997325e-05,0.5392362790337449,5.740528262116046e-05,5.7405282444318215e-05
121,10,4.7801148316709986e-05,4.780114845029964e-05,0.05710704549606962,4.7801148302182755e-05,4.7801148250323935e-05,0.01649745855342481,4.780114827196617e-05,4.780114839341489e-05,4.780114856746883e-05,4.7801148169184664e-05,4.780114796772032e-05,0.35734755365727144,4.7801148423357763e-05,0.06800415057744448,4.7801148210465987e-05,0.042774943881143224,4.7801147775429445e-05,0.45759963175920737,4.780114814328936e-05,4.780114819718708e-05
121,11,5.861664822086693e-05,5.8616648480334456e-05,0.17818280559731042,5.861664853229631e-05,0.07122581979297177,5.861664842602002e-05,5.861664850055571e-05,5.861664861111785e-05,5.861664830374277e-05,5.861664846849874e-05,5.861664791430869e-05,0.31936406171629383,5.8616648598782514e-05,5.8616648421559104e-05,5.8616648397719294e-05,5.8616648564814724e-05,5.861664781224935e-05,0.430289446519612,5.861664828851906e-05,5.8616648270599835e-05
121,12,8.88099484140999e-05,8.880994878053532e-05,0.22699243331032692,0.03177634275738869,8.880994880918592e-05,8.880994892828466e-05,8.880994857957461e-05,8.880994897305873e-05,8.880994896806766e-05,8.880994854085328e-05,8.880994827252685e-05,0.23531074687307776,8.880994883449571e-05,8.880994902257058e-05,8.880994861753664e-05,8.880994890573298e-05,8.880994773084837e-05,0.504499517880912,8.88099484688274e-05,8.880994844832741e-05
121,13,5.973715776116847e-05,5.9737157899479754e-05,0.11506315528684762,5.9737157962105365e-05,0.010608721093021892,0.024383084405562958,5.97371580815813e-05,5.973715779585728e-05,5.973715794339723e-05,5.973715765047378e-05,5.973715736257412e-05,0.4817959989898666,5.973715790033603e-05,5.9737157969975995e-05,5.9737157961649716e-05,0.031097885399263083,5.973715755896789e-05,0.33621483461546714,5.973715825624306e-05,5.973715786703925e-05
121,14,5.5865923020192655e-05,0.13162005648302183,5.586592326120201e-05,0.04533215313251223,5.586592307600358e-05,5.586592321831372e-05,5.5865922951923134e-05,5.5865923135533253e-05,5.5865923416306285e-05,5.586592305689313e-05,5.5865922613434044e-05,0.40535007653018656,5.5865923103949895e-05,5.5865923204620994e-05,0.003708908605981467,0.06921600385936287,5.586592265888083e-05,0.34399067846577336,5.5865923525824196e-05,5.586592291862808e-05
121,15,5.83430580703973e-05,5.8343058658916564e-05,5.834305880306797e-05,5.834305862008456e-05,5.834305870777477e-05,5.8343058635909225e-05,0.03086465766974207,0.021003658887797767,5.834305877406089e-05,5.83430584447706e-05,5.834305821442845e-05,0.5987186873326911,5.834305874813751e-05,0.14542657134104858,5.8343058552860836e-05,0.027788235299732705,5.8343058096835516e-05,0.16367810754094106,5.8343058589729626e-05,0.011761622167129586
121,16,6.468305423093771e-05,6.468305481061162e-05,6.468305453380364e-05,6.468305471710223e-05,6.468305456660216e-05,6.468305444302275e-05,6.468305487443616e-05,0.0449684196497437,6.468305462650151e-05,6.468305421389926e-05,6.468305408811604e-05,0.572182584900568,6.468305465236833e-05,0.1619310046188706,0.024777996887045902,6.468305442631116e-05,6.468305412516253e-05,0.19516974812642562,6.4683054292246e-05,6.468305474524289e-05
121,17,0.00013966480758374248,0.00013966480802266197,0.09887667425343365,0.00013966480779523273,0.00013966480728035816,0.00013966480783686257,0.0001396648076192545,0.00013966480794038653,0.035973169766344515,0.00013966480737846715,0.00013966480685175393,0.3680450747584418,0.00013966480795513773,0.4948704443014793,0.0001396648074134891,0.00013966480789081933,0.00013966480682075895,0.0001396648079319261,0.0001396648069448214,0.00013966480703514594
121,18,8.48896450992839e-05,8.488964573734025e-05,0.07900228636563143,8.488964570217334e-05,8.488964554688394e-05,8.488964568595682e-05,8.4889645702385e-05,0.051578456894649405,8.48896457034626e-05,8.488964514252165e-05,8.488964478605351e-05,0.750923980778169,8.488964583283324e-05,8.488964548224152e-05,0.027398025390316265,8.488964569080462e-05,8.48896445669282e-05,0.08982390588971839,8.488964527761305e-05,8.48896455590872e-05
121,19,0.00012345680938036238,0.0001234567926182015,0.00012345679337756862,0.00012345679277321446,0.00012345679199297755,0.00012345679322565655,0.00012345679245137606,0.00012345679287724043,0.00012345679401277586,0.00012345679257220058,0.00012345679245368303,0.8776712099656213,0.00012345679291032624,0.00012345679316960688,0.10683155525397092,0.00012345679280865296,0.00012345679140928105,0.013398469287199864,0.00012345679258283457,0.00012345679259184343
121,20,6.684492083211745e-05,6.684492152372931e-05,0.27089625392926514,0.1356587229097994,6.68449210041569e-05,0.06149004129396605,6.684492109135065e-05,6.684492119689981e-05,6.684492143038676e-05,6.684492109677516e-05,0.00720111805475651,6.684492143842004e-05,0.022475659348525624,0.22989116423511463,0.013536987728823235,6.684492146169396e-05,6.6844920656353e-05,0.24881874903259796,6.684492115695601e-05,0.009296009334262742
121,21,6.925207857203119e-05,6.925207919048942e-05,0.7252913811045901,0.0798580491835438,6.925207923477405e-05,6.925207927425947e-05,6.925207896666825e-05,6.925207912398507e-05,6.925207915632209e-05,6.925207893224057e-05,6.92520788810604e-05,0.0523850040289487,0.019819592078746076,0.028825802090297455,6.925207885686729e-05,6.925207949252294e-05,6.925207844500184e-05,0.09285064240817625,6.9252078828845e-05,6.925207874240736e-05
121,22,5.787037125184039e-05,5.787037177402576e-05,0.26263128200258173,0.05138516220516361,5.7870371795013376e-05,0.01903022272133445,5.787037158049665e-05,5.787037176163343e-05,5.787037167078772e-05,5.7870371493901e-05,5.7870371313891885e-05,0.017929252464580842,0.0011412002557008836,0.31707046838526537,5.787037153066138e-05,0.038910444499699035,5.7870371144202184e-05,0.29120752300721287,5.787037150698907e-05,5.787037163780126e-05
121,23,8.103727837449978e-05,8.103727931335e-05,0.45729771322722457,0.030868367467745555,8.103727870970593e-05,0.07748413972928535,8.103727871490057e-05,8.103727874455844e-05,8.103727970517111e-05,8.103727878422676e-05,0.0048432685527155786,8.103727900324003e-05,8.103727909932849e-05,0.28458179130380773,8.103727886347454e-05,8.10372793106092e-05,8.103727822723964e-05,0.1437901978150502,8.103727884692671e-05,8.103727847398891e-05
121,24,6.993007120971016e-05,6.993007147554893e-05,0.4129647122710604,6.993007183711861e-05,6.993007133076018e-05,6.993007140366391e-05,6.993007153103609e-05,6.99300715232638e-05,6.993007197236461e-05,6.993007116495275e-05,6.993007132138729e-05,0.25327393688739414,6.993007150306932e-05,0.24618644354490346,6.993007147316167e-05,6.993007162113826e-05,6.9930070929258e-05,0.0864560261536901,6.99300713519486e-05,6.993007130372267e-05
121,25,6.426735322490837e-05,0.046884681540802754,0.09482183843892372,0.047553598896947324,6.426735325426065e-05,6.426735375489585e-05,6.426735374501702e-05,6.42673535803475e-05,6.426735358664636e-05,6.426735327845736e-05,6.426735318408055e-05,0.6725024381957578,6.426735364254835e-05,0.10874420031431041,0.012746593848260702,0.015911173169656276,6.426735347626909e-05,6.426735356662536e-05,6.426735344344545e-05,6.42673536035323e-05
121,26,7.518797154037553e-05,7.518797181348347e-05,0.026995024584755854,0.16343908092538587,7.518797163244281e-05,0.07931833422106573,7.51879716268034e-05,7.518797186789855e-05,0.01941990737377971,7.518797145953915e-05,0.00403952941403516,0.17190509367199608,0.02699385310560406,0.22808823272580123,0.01901144316282929,7.518797163075095e-05,7.518797087075301e-05,0.26003762109914336,7.518797155024224e-05,7.518797161146206e-05
121,27,0.00015197568598414904,0.0001519756876487115,0.00015197568843947117,0.031459091201333805,0.00015197568798540074,0.00015197568804703736,0.0001519756876708919,0.0001519756879580955,0.00015197568792600397,0.0001519756874588439,0.00015197568917510584,0.8586846758085583,0.00015197568766063172,0.03985248800614052,0.06757213398110377,0.00015197568773424867,0.00015197568571429578,0.0001519756878348546,0.00015197568777505487,0.00015197568785098035
121,28,5.2631579738724276e-05,5.263158006522395e-05,0.25328050977734073,0.014427317522630857,5.2631579913222916e-05,5.263158012681457e-05,5.263158017505281e-05,5.263158011270174e-05,0.030036507225517647,5.263157985759492e-05,5.263157964452496e-05,0.5041421022487537,5.263158000160968e-05,0.17594477647194914,0.021431944634160857,5.263158020609008e-05,5.2631579574653743e-05,5.263158026540113e-05,5.263157989458781e-05,5.263158007075178e-05
121,29,5.7537400301418046e-05,5.753740056386982e-05,0.21254595586408154,5.753740075151463e-05,5.753740061806651e-05,5.753740063482695e-05,5.753740050669369e-05,5.753740083810013e-05,0.010565761239478194,5.753740031589547e-05,5.7537400620416474e-05,0.2780408658259951,5.7537400706992274e-05,0.35705364929338346,5.753740064882805e-05,5.7537400805020644e-05,5.753740016938944e-05,0.1409307067688393,5.753740032961182e-05,5.75374004118005e-05
121,30,7.246376956570897e-05,7.246376994602136e-05,0.18068976978953039,7.246377011269574e-05,7.246376959872154e-05,7.246376979861396e-05,7.24637696064363e-05,7.246376978007803e-05,7.246376973586591e-05,7.246376936532393e-05,7.246376922351236e-05,0.05480213505396008,7.246376972116506e-05,0.6087684516395084,7.246376962862622e-05,7.246377006631506e-05,7.246376912743199e-05,0.1545802232028981,7.246376941457525e-05,7.246376941194408e-05
121,31,0.00017241379702548582,0.00017241379737391335,0.00017241379747178295,0.0001724137976885667,0.0001724137971015067,0.00017241379699113688,0.00017241379697684295,0.0001724137971102409,0.04739232747096986,0.00017241379674164415,0.00017241379474407253,0.000172413797655907,0.0001724137971448438,0.9495042241837641,0.00017241379674861774,0.0001724137972639561,0.00017241379552518035,0.00017241379759354807,0.00017241379747341736,0.00017241379663530018
141,1,0.02443845040192789,5.662514308403683e-05,5.662514270910812e-05,5.662514278089745e-05,5.6625142948002245e-05,5.662514296983101e-05,5.662514274645926e-05,0.0939663573557023,0.010749955959907133,5.6625142823823387e-05,5.66251429821285e-05,0.35185846291725525,5.662514291496296e-05,0.49866756988368316,5.6625142715827235e-05,5.662514302817985e-05,5.6625142349801964e-05,0.019526451481583072,5.662514293558304e-05,5.662514295282556e-05
141,2,5.0505052070237125e-05,5.050505166580579e-05,0.03995232229546892,0.09234344019405698,5.050505193717122e-05,0.03959879244870008,5.0505051548641513e-05,0.013441045871155629,5.0505051648942154e-05,5.050505145119537e-05,5.050505169019635e-05,0.2812432605130432,5.050505176103458e-05,0.3939499296698145,5.050505160739257e-05,0.0939147880831838,5.050505105929578e-05,0.044950360304933,5.050505170604952e-05,5.0505051497860215e-05
141,3,0.020787869703160333,4.901960890747431e-05,4.901960885443192e-05,0.0334824925278962,0.012284547568827103,4.901960889955014e-05,4.901960892512036e-05,0.09251785084899994,0.008978860765518596,4.901960895074223e-05,4.901960857906784e-05,0.4134584505716216,4.9019608965979435e-05,0.3863542749833816,4.901960892438386e-05,0.028520393203212455,4.901960850576334e-05,0.0030760441300697185,4.901960896543617e-05,4.901960883450214e-05
141,4,0.006699050807504048,5.393743385153597e-05,5.3937434118485506e-05,5.3937434004721087e-05,5.39374339570059e-05,0.028572449630098178,5.393743357442483e-05,5.3937433916277565e-05,5.3937433830441266e-05,5.3937433763662815e-05,5.3937433623602705e-05,5.39374338625581e-05,5.393743398525425e-05,0.7161134950844322,5.3937433768233574e-05,5.3937433982621136e-05,5.3937433142717726e-05,0.24775200553714963,5.3937433889474834e-05,5.393743354504318e-05
141,5,5.8616648172264135e-05,5.861664850201311e-05,5.861664824167614e-05,5.861664861932957e-05,5.8616648416133574e-05,5.861664839579469e-05,5.861664823866268e-05,0.08392862475147123,5.861664827381678e-05,5.86166482246703e-05,5.861664796253096e-05,0.10578834291333708,5.861664844152723e-05,0.23654481647796044,5.8616648317831524e-05,5.86166484583459e-05,5.8616647859133984e-05,0.5728003494844689,5.861664825418724e-05,5.861664838436319e-05
141,6,0.005618199838561599,4.8638133561977326e-05,4.863813337009586e-05,0.08918553224056909,0.03845640662911062,0.079254114888333,4.8638133438665185e-05,0.04620997528489273,0.012663599629280844,4.8638133331210734e-05,4.863813348140397e-05,0.3251476803263853,4.863813354835165e-05,0.029340714273376544,0.007437738375151426,0.024917019900833014,4.863813299211175e-05,0.341331275413013,4.863813355885887e-05,4.8638133210170194e-05
141,7,4.382121039339001e-05,4.382121044877985e-05,0.06110272898346537,0.07193316556894228,4.3821210537278034e-05,4.3821210623158054e-05,4.382121053829303e-05,4.382121052247668e-05,4.382121054741871e-05,4.382121070800518e-05,4.3821210210746426e-05,0.24284657932996395,4.38212106670463e-05,0.06296203048320109,4.3821210473395405e-05,4.3821210775665286e-05,4.3821210151539e-05,0.5604981774771651,4.382121035663711e-05,4.382121030821181e-05
141,8,6.435006654714078e-05,6.435006563114637e-05,6.435006592788504e-05,6.435006610960822e-05,6.435006559767488e-05,6.435006602268117e-05,6.4350065961489e-05,6.435006586997147e-05,0.009716735625347844,6.435006543160864e-05,0.003675320049452652,0.06626981296648383,6.435006592014016e-05,0.2511285010630642,6.435006578131355e-05,6.435006594033204e-05,6.435006512087174e-05,0.6682443793082026,6.435006579580829e-05,6.435006579123388e-05
141,9,4.280821999412857e-05,0.03924487829589648,0.10281538220812549,0.06439875270029946,4.2808220224186374e-05,0.07922009850682839,4.2808220087770925e-05,4.280822016740933e-05,4.2808220292017654e-05,4.2808220213364986e-05,4.2808219790174864e-05,0.18761075048923984,0.02439437275216972,0.03745882544695853,4.28082200285558e-05,4.280822017460375e-05,4.280821976760878e-05,0.464343240959637,4.280822016943686e-05,4.2808219935983766e-05
141,10,5.494505607525998e-05,5.494505626170753e-05,0.09430014695540781,5.494505637310758e-05,5.494505642333207e-05,5.494505627667546e-05,5.4945056219838135e-05,5.4945056400812064e-05,0.06445812985305698,5.494505622397704e-05,5.494505580443072e-05,0.21013926574514197,5.494505646346501e-05,5.494505624980114e-05,5.494505615657068e-05,5.494505641256785e-05,5.494505576728264e-05,0.6302233365471998,5.494505606268352e-05,5.494505602199599e-05
141,11,8.183306254124692e-05,8.183306261071311e-05,0.05162277790554802,0.2039521885462005,8.183306282784173e-05,8.183306241361682e-05,8.183306322191249e-05,0.021133465740758733,8.183306230028493e-05,8.183306223916253e-05,8.183306145626064e-05,0.3736536525981255,8.183306258712494e-05,0.12869066696931128,8.183306231719566e-05,8.183306241926946e-05,8.183306217366009e-05,0.17239356889484572,0.047489849533864543,8.183306223728523e-05
141,12,0.009690359921381654,8.635578788297881e-05,8.635578800959412e-05,0.02579825026976283,8.635578755604289e-05,8.635578778999178e-05,8.635578758362781e-05,8.635578795965448e-05,8.635578777131878e-05,8.635578746112172e-05,8.635578701167474e-05,0.48550339852038576,8.63557877940442e-05,0.019446420848786318,8.635578767275385e-05,8.635578811584575e-05,8.635578690271177e-05,0.45826623362532537,8.635578729406369e-05,8.635578755258395e-05
141,13,5.9382424499349106e-05,5.938242452028866e-05,5.938242437756358e-05,0.38725517256957204,0.028469343188890713,5.938242434773956e-05,0.0007107665204547636,5.938242428966122e-05,0.039582544621695095,5.9382424042706346e-05,5.9382423676774824e-05,0.25751062719387907,5.938242415896609e-05,0.13733034228588895,5.9382424100450784e-05,5.938242412064178e-05,5.938242363327841e-05,0.14836923210582062,5.9382424044321766e-05,5.93824239869588e-05
141,14,7.824726275093985e-05,7.824726345457476e-05,0.059425479585808745,0.34444437286876683,7.824726326718725e-05,7.824726333093338e-05,7.824726333216976e-05,7.824726332128345e-05,0.02717917936110898,7.824726280191815e-05,7.824726260003976e-05,0.22829319315719837,7.824726331555756e-05,0.0969204017913973,7.824726311431396e-05,7.82472633096264e-05,7.82472625700503e-05,0.24264191155276985,7.824726288966717e-05,7.824726289155053e-05
141,15,4.6598323739904706e-05,4.6598323436503685e-05,4.659832364060479e-05,0.23858490509805133,4.6598323681594253e-05,4.659832358639014e-05,4.65983236851884e-05,0.040364741190328526,0.0410583600596051,4.6598323872660715e-05,4.6598323274684755e-05,0.31090046060947013,0.035952518609251895,4.6598323516575586e-05,4.659832344437834e-05,4.659832359281397e-05,4.659832310833125e-05,0.33248663790352045,4.6598323603022325e-05,4.659832359011315e-05
141,16,8.50340155985068e-05,0.040837060368117455,0.1569030882405941,0.1492220775742975,8.503401590909059e-05,8.503401565830224e-05,8.503401560447005e-05,8.503401581324687e-05,0.02747662105669624,8.503401698330792e-05,8.503401712259873e-05,0.3663187229776113,8.503401570587903e-05,0.07337412622433179,8.503401536327734e-05,8.503401567742584e-05,8.503401492091822e-05,0.1847628613518613,8.503401692572299e-05,8.503401520766267e-05
141,17,0.00010660981147612297,0.0001066098112347463,0.06621390286417189,0.1296345186087332,0.00010660981013961647,0.00010660981060276962,0.00010660981142783634,0.00010660981105400774,0.00010660981100876781,0.00010660981125082297,0.00010660980936388995,0.45181400279528405,0.00010660981114534086,0.23934667757395064,0.00010660981006577143,0.00010660981169430339,0.00010660980984464372,0.11139175099720029,0.00010660981007333508,0.00010660981027794264
141,18,6.127451099235559e-05,6.127451139226322e-05,0.12618563569322042,0.1788566075450663,6.127451096245515e-05,6.127451132698364e-05,6.127451101735354e-05,6.127451133270934e-05,0.009949930816344262,6.1274511106003e-05,6.127451055542533e-05,0.1354287309293452,6.127451119216775e-05,0.04572151856629893,6.127451106247116e-05,0.037102865927284796,6.127451072388156e-05,0.46595814187856277,6.127451103086996e-05,6.127451118253984e-05
141,19,0.08014655819377828,4.321521287425932e-05,0.16479448689803258,0.06522539544111357,4.321521286842393e-05,0.013247543104120314,4.32152126771639e-05,4.321521277168176e-05,0.019623752215037035,4.321521294937902e-05,4.321521240168217e-05,0.13286594095165538,4.321521295690471e-05,0.22047299171076537,4.321521278592375e-05,4.3215212807331705e-05,4.321521235719235e-05,0.3031047489324747,4.3215212997316194e-05,4.3215212575399936e-05
141,20,0.03926635565719359,6.587615429534536e-05,0.11563887899402402,0.061722538650680676,6.587615421919482e-05,6.587615449297595e-05,6.58761542888904e-05,6.587615443861303e-05,6.587615463020143e-05,6.58761540701683e-05,0.0023863942135553943,0.05127510245786055,6.587615438137168e-05,0.42975826178072835,6.587615438409313e-05,0.00729734253907458,6.58761538336826e-05,0.2918646118554419,6.587615415010348e-05,6.587615425640981e-05
141,21,0.02140356589224617,6.393862034514634e-05,6.393862040959239e-05,0.03913139592591474,6.393862055490696e-05,6.393862032908329e-05,6.393862030973843e-05,6.393862055180929e-05,6.393862032544814e-05,6.393861995915358e-05,6.393862024396187e-05,0.4665592330626277,6.393862024433347e-05,0.3789523381031677,6.393862026549113e-05,0.01960392590941176,6.3938619712786e-05,0.0734544004231724,6.3938620100867e-05,6.393862010732428e-05
141,22,4.699248211337228e-05,4.6992482393197944e-05,0.11390472754373644,0.14270100539870062,4.6992482304676686e-05,4.699248245040734e-05,4.6992482383957526e-05,4.699248230474097e-05,4.6992482462925e-05,4.699248209441408e-05,4.6992481862733085e-05,0.25525725871772625,4.699248231702895e-05,0.08225450703236256,4.6992482169476146e-05,0.0400387678572207,4.699248183586985e-05,0.36518583869939386,4.699248207693687e-05,4.6992482089910344e-05
141,23,0.04289709611265889,4.4208665994531273e-05,4.420866608556682e-05,0.14488468133301963,4.420866601016781e-05,4.420866585635608e-05,4.420866593836568e-05,4.420866598252095e-05,0.008804967478816133,4.420866597158486e-05,4.420866562111371e-05,0.4066926659528328,4.4208666037870155e-05,4.420866597034492e-05,4.420866592072033e-05,0.016602764592985906,4.420866554626041e-05,0.37949890320709323,4.420866583501959e-05,4.420866582298867e-05
141,24,6.281407225596124e-05,6.281407190189485e-05,0.07212899661465919,0.03636626901492413,6.281407171879971e-05,0.021020930539331364,6.28140718578763e-05,6.28140718476257e-05,6.281407161015272e-05,0.009120415109186961,6.281407146853474e-05,0.3717246382921219,6.281407196557145e-05,0.3986691986597748,0.006973094110223003,0.047923355317272064,6.281407147231049e-05,0.0030676195965107828,0.03237734202804953,6.281407184762275e-05
141,25,0.038673373991628915,0.010340241983269282,0.026850780291352946,0.12074266462822877,4.135649399484038e-05,0.02493358319138467,4.135649393765707e-05,0.1025614128236216,4.1356494031210264e-05,4.1356493865610396e-05,4.1356493865486885e-05,0.15407437565207602,0.021729133517323158,0.1685155628341502,4.135649381696297e-05,0.021902751790402734,4.135649354874994e-05,0.3093039108518134,4.135649397037031e-05,4.1356493717265545e-05
141,26,0.021700205394024556,6.297229359661458e-05,0.0783546256959228,6.297229390879535e-05,6.297229352317746e-05,6.297229386386561e-05,6.297229342606602e-05,6.297229356910779e-05,0.016597819315660817,6.297229337440258e-05,6.297229320250144e-05,0.3933954815807655,6.297229380415201e-05,0.23960979635689034,6.297229371091332e-05,6.297229373472755e-05,6.297229312640446e-05,0.2494604595473832,6.297229336546276e-05,6.29722931465763e-05
141,27,5.050505161812962e-05,5.0505051767037304e-05,0.1102880578167107,0.051843762702966686,5.050505148053954e-05,5.0505051704244725e-05,5.050505151174238e-05,5.0505051699422736e-05,5.050505165439806e-05,5.0505051333978956e-05,5.050505120357627e-05,0.654512612592627,5.0505051693782235e-05,0.021702974867123526,5.050505161041257e-05,5.050505160823722e-05,5.050505115963584e-05,0.16089501624755728,5.0505051406048734e-05,5.050505156357746e-05
141,28,0.053997377382007584,5.476451434583299e-05,0.2073158035230848,0.0464736509540484,5.4764513802396916e-05,5.4764513830804246e-05,5.4764514639846614e-05,5.476451388089573e-05,5.4764513955825076e-05,5.4764513742764326e-05,5.476451401490152e-05,0.16113165784745856,5.4764513877445736e-05,0.08055723803176365,5.476451381985099e-05,5.476451398216489e-05,5.4764513363101675e-05,0.449757569066311,5.476451373513152e-05,5.476451433500228e-05
141,29,0.023295650268113526,6.060606182353385e-05,0.03500230854359428,0.10811930917639437,6.0606062211433686e-05,6.060606194013526e-05,6.0606061831580826e-05,6.060606229029678e-05,6.0606062255294936e-05,6.060606171116702e-05,6.060606117829719e-05,0.4147056337950244,6.060606191699817e-05,0.16465815008442614,6.060606208838421e-05,6.0606062162718036e-05,6.060606155936381e-05,0.2533704632659405,6.060606188281159e-05,6.060606165503491e-05
141,30,8.143322818871051e-05,8.143322663257369e-05,8.143322680591646e-05,8.143322686338042e-05,8.143322685272781e-05,8.143322657133716e-05,8.143322650244399e-05,8.143322683444218e-05,8.143322667189517e-05,8.14332263184427e-05,8.143322640569857e-05,0.6652381843492902,8.143322646553699e-05,0.14650456401077122,8.143322651681554e-05,0.02979029647591332,8.143322558086276e-05,0.1339021252842505,8.143322611236088e-05,0.02334333148045172
141,31,0.02597265054256454,4.950495156917402e-05,0.11559012744768367,0.08208976713457675,4.950495188338413e-05,4.950495160028848e-05,4.9504951600968637e-05,0.015008080887226627,4.950495143657405e-05,4.950495156370061e-05,4.95049512903042e-05,0.6846001378364844,4.950495150958378e-05,4.9504951627962086e-05,4.950495156563442e-05,4.950495176385967e-05,4.950495244677303e-05,0.07604616682798238,4.950495211213188e-05,4.950495151108351e-05
141,32,0.058910034183242074,3.6310821381715264e-05,0.11984318479682687,0.10059071801570107,3.6310821371221224e-05,3.631082141609938e-05,3.63108213024149e-05,3.631082144221911e-05,3.6310821467326104e-05,3.631082123439749e-05,3.631082108519745e-05,0.5412675017499203,3.631082130084109e-05,0.10660849025314321,3.631082141935999e-05,3.631082155266276e-05,3.631082102520902e-05,0.07227171950266222,3.631082125679014e-05,3.631082124870591e-05
141,33,0.04472584760899153,6.944444606181483e-05,6.94444460698492e-05,0.02237858973784338,6.944444559845819e-05,6.944444590588795e-05,6.94444457372986e-05,6.944444602871591e-05,6.944444610066842e-05,6.944444554121684e-05,6.944444555133134e-05,0.5833969495019583,6.94444456266144e-05,0.3483875020186981,6.944444573685206e-05,6.944444625643852e-05,6.944444498650181e-05,6.944444600950836e-05,6.944444549228478e-05,6.94444458053225e-05
141,34,0.011873148324402286,0.031987853090830576,0.1545561861750852,0.12922903950472198,5.0916498106864916e-05,5.0916498284527434e-05,5.0916498277933574e-05,0.04966355268141009,5.091649804878773e-05,5.091649794975931e-05,5.0916498079568385e-05,0.46795824084641297,5.091649808334509e-05,0.04068364626984558,5.091649809175438e-05,0.0372408544505891,5.091649766686626e-05,0.07624739717802168,5.091649806951226e-05,5.091649802167485e-05
141,35,5.2798312355274693e-05,5.279831170469785e-05,5.279831169238885e-05,0.07013391158622365,5.279831145404144e-05,5.279831175344107e-05,5.279831151436136e-05,5.279831163222033e-05,5.279831204307162e-05,5.2798311535672976e-05,5.279831118708617e-05,0.8794603749535029,5.279831158042547e-05,5.2798311799959446e-05,5.2798311547783196e-05,0.04950814216232166,5.279831149623417e-05,5.279831175822929e-05,5.27983114219077e-05,5.279831147496343e-05
141,36,5.170630977685349e-05,5.170630942098847e-05,0.07262822810762555,0.10680467311032041,5.170630942080535e-05,5.1706309387016524e-05,5.1706309432822704e-05,0.03628320812360305,5.1706309292726206e-05,5.170630937631091e-05,5.170630927917844e-05,0.5815744568819006,5.170630962169438e-05,0.07892179978773359,5.1706309317331815e-05,5.170630941846397e-05,5.1706308830839194e-05,0.12306374565768453,5.170630913409522e-05,5.170630942315161e-05
